1192
1190
1194
1186
1187
1190
1205
1203
1203
1199
1185
1194
1195
1188
1190
1186
1186
1200
1204
1189
1197
1176
1197
1202
1180
1193
1201
1203
1200
1202
1191
1199
1188
1188
1199
1191
1186
1188
1191
1186
1201
1210
1205
1185
1207
1217
1202
1179
1189
1186
1200
1200
1183
1192
1193
1199
1193
1194
1187
1192
1191
1201
1180
1203
1198
1188
1205
1204
1183
1176
1184
1197
1183
1187
1196
1195
1184
1185
1196
1196
1193
1194
1202
1181
1188
1188
1182
1177
1201
1205
1190
1195
1197
1180
1167
1193
1197
1202
1211
1176
