1192
1190
1194
1177
1182
1190
1205
1203
1186
1199
1185
1189
1195
1188
1177
1186
1186
1200
1199
1189
1197
1176
1197
1197
1175
1193
1201
1203
1195
1202
1191
1189
1188
1183
1199
1191
1186
1188
1191
1186
1196
1190
1205
1185
1187
1177
1202
1162
1184
1186
1200
1200
1183
1192
1193
1199
1180
1194
1187
1187
1191
1201
1180
1198
1193
1183
1200
1204
1178
1176
1184
1197
1174
1163
1196
1195
1184
1185
1182
1191
1193
1189
1202
1181
1188
1188
1182
1177
1201
1167
1185
1195
1197
1180
1167
1193
1197
1202
1201
1176
